8.275312e-01
8.027470e-01
5.415609e-01
1.685994e-01
1.571042e-02
4.843532e-04
7.120077e-04
5.679639e-04
1.272108e-03
3.228711e-03
3.716887e-03
4.894248e-03
6.753699e-03
7.054663e-03
7.405462e-03
7.414474e-03
5.775342e-03
4.089392e-03
3.378546e-03
2.851961e-03
2.609122e-03
3.358537e-03
4.019061e-03
4.777262e-03
5.467922e-03
4.618774e-03
3.124439e-03
2.493985e-03
3.259844e-03
3.655284e-03
3.391929e-03
3.629504e-03
4.546785e-03
4.380987e-03
2.914364e-03
9.209107e-04
2.275250e-03
3.931178e-03
5.203184e-03
5.824927e-03
5.667916e-03
4.755049e-03
2.986883e-03
1.387655e-03
2.189094e-03
2.729648e-03
2.093571e-03
7.781514e-04
1.030066e-03
2.063376e-03
2.527176e-03
2.218175e-03
1.516443e-03
1.140459e-03
1.126976e-03
1.132421e-03
1.283554e-03
1.502725e-03
1.183161e-03
2.985239e-04
6.572692e-04
1.178213e-03
1.346970e-03
1.664904e-03
1.897353e-03
1.192871e-03
8.811544e-04
1.058720e-03
1.672716e-03
2.051696e-03
1.753972e-03
1.450698e-03
9.792132e-04
1.312636e-04
6.459031e-04
1.742929e-03
2.642422e-03
2.038073e-03
1.083379e-03
1.022782e-03
1.940462e-03
2.831185e-03
2.596304e-03
1.983899e-03
1.298589e-03
3.532615e-04
7.966182e-04
1.281474e-03
1.400559e-03
1.341275e-03
1.523267e-03
1.379938e-03
1.044283e-03
1.036320e-03
1.177902e-03
9.071032e-04
1.183591e-03
1.649049e-03
1.819270e-03
1.619728e-03
1.304159e-03
1.011308e-03
6.469613e-04
8.573640e-04
8.714130e-04
5.476775e-04
2.242784e-04
8.690733e-04
1.018350e-03
5.889088e-04
3.624824e-04
5.828311e-04
8.953614e-04
9.562206e-04
1.178915e-03
1.333628e-03
1.312274e-03
1.177054e-03
1.004304e-03
1.213316e-03
1.561742e-03
1.696150e-03
1.585513e-03
1.362770e-03
1.343967e-03
1.593088e-03
1.690736e-03
1.115751e-03
3.718905e-04
2.327945e-04
6.444686e-04
8.105345e-04
1.049838e-03
1.019002e-03
9.464540e-04
8.986824e-04
4.522846e-04
2.483875e-04
4.676107e-04
5.222020e-04
4.902924e-04
6.367891e-04
1.023503e-03
1.183135e-03
8.787684e-04
3.056980e-04
3.412683e-04
5.433504e-04
5.301595e-04
4.529405e-04
7.039568e-04
8.790224e-04
8.027881e-04
6.672295e-04
8.093753e-04
9.180112e-04
6.609355e-04
2.481279e-04
1.585890e-04
4.046788e-04
4.131106e-04
3.492370e-04
4.584797e-04
5.190697e-04
6.683824e-04
5.022839e-04
4.085690e-04
5.034477e-04
6.051230e-04
6.656126e-04
5.715141e-04
4.542559e-04
4.302092e-04
6.565397e-04
7.543667e-04
8.398457e-04
9.456022e-04
8.180603e-04
7.935376e-04
9.006048e-04
8.011346e-04
8.823801e-04
1.004044e-03
1.042039e-03
1.181226e-03
1.174810e-03
8.509479e-04
5.710856e-04
4.793566e-04
5.529143e-04
8.907191e-04
9.990572e-04
8.964395e-04
7.950461e-04
4.929161e-04
3.547196e-04
2.483912e-04
1.340875e-04
3.801054e-04
7.317035e-04
9.600117e-04
7.420970e-04
3.236134e-04
4.276915e-05
3.533630e-04
7.474726e-04
8.818437e-04
8.340442e-04
7.688010e-04
6.316027e-04
5.366887e-04
4.992377e-04
7.714818e-04
1.092943e-03
1.183514e-03
1.018875e-03
6.705151e-04
3.337869e-04
2.355746e-04
2.999998e-04
1.797210e-04
1.511998e-04
2.632108e-04
3.053166e-04
2.940373e-04
2.884182e-04
6.799090e-04
7.973695e-04
5.945346e-04
2.912034e-04
4.033585e-04
6.335581e-04
5.523486e-04
2.490672e-04
1.049293e-04
1.653149e-04
1.129166e-04
2.105994e-04
2.691412e-04
4.433899e-04
5.944385e-04
5.758883e-04
4.299352e-04
2.244347e-04
3.638836e-05
1.599500e-04
3.101064e-04
4.924562e-04
6.418189e-04
7.930694e-04
8.875654e-04
7.768946e-04
4.326271e-04
1.116551e-04
4.064937e-04
5.576736e-04
4.205872e-04
3.307979e-04
4.312641e-04
4.721324e-04
4.512756e-04
3.414555e-04
3.106368e-04
3.083856e-04
2.678838e-04
2.680344e-04
3.983237e-04
5.410784e-04
6.748650e-04
7.576616e-04
6.607940e-04
5.458247e-04
4.473681e-04
1.808259e-04
1.694155e-04
2.887909e-04
4.646187e-04
5.565219e-04
4.596513e-04
4.543060e-04
5.034470e-04
5.020808e-04
6.797880e-04
8.664328e-04
7.822359e-04
6.487278e-04
5.264667e-04
3.519530e-04
3.958374e-04
5.321487e-04
4.343217e-04
2.673817e-04
1.452206e-04
1.064084e-04
2.701099e-04
3.646793e-04
4.165382e-04
4.050119e-04
1.970825e-04
7.679575e-05
1.317323e-04
2.239182e-04
2.661521e-04
2.936171e-04
3.370500e-04
4.002906e-04
4.503508e-04
3.964236e-04
3.739726e-04
4.131887e-04
4.347661e-04
5.252857e-04
5.559921e-04
4.590148e-04
3.914926e-04
3.870609e-04
3.503945e-04
2.483407e-04
1.886894e-04
1.985930e-04
1.397868e-04
1.609440e-04
2.985176e-04
3.393598e-04
3.708682e-04
3.842843e-04
2.818123e-04
3.587312e-04
5.337561e-04
5.833509e-04
5.544097e-04
4.970868e-04
6.336875e-04
7.150850e-04
6.230914e-04
4.338668e-04
1.981781e-04
6.359659e-05
1.302704e-04
6.018188e-05
1.168369e-04
3.276399e-04
5.296521e-04
6.256051e-04
6.713478e-04
5.495842e-04
2.715068e-04
9.470959e-05
1.483283e-04
2.137663e-04
1.833836e-04
2.962006e-04
4.097768e-04
4.672935e-04
4.546883e-04
3.195211e-04
1.055656e-04
7.131282e-05
1.845653e-04
2.095879e-04
1.590973e-04
1.563944e-04
2.228884e-04
3.220725e-04
3.855518e-04
3.686729e-04
3.993521e-04
4.559257e-04
5.356577e-04
5.129503e-04
3.716290e-04
2.304274e-04
1.197657e-04
1.895303e-04
2.359723e-04
2.561248e-04
3.067020e-04
4.942185e-04
6.280504e-04
5.957498e-04
4.876724e-04
3.450965e-04
4.267673e-04
4.942137e-04
3.794373e-04
2.133398e-04
7.067351e-05
8.743499e-05
1.603552e-04
1.753843e-04
1.824280e-04
1.925677e-04
1.963509e-04
1.319392e-04
1.322641e-05
9.939355e-05
1.769787e-04
1.886294e-04
6.987352e-05
9.576202e-05
6.247675e-05
