-6.505534e+01
-5.682531e+01
-5.162391e+01
-5.014071e+01
-6.453757e+01
-5.309022e+01
-4.739656e+01
-5.075931e+01
-5.061598e+01
-5.550767e+01
-4.977996e+01
-4.926965e+01
-5.136942e+01
-5.930349e+01
-5.023731e+01
-4.818958e+01
-5.385756e+01
-5.233300e+01
-5.505828e+01
-5.532337e+01
-6.026271e+01
-4.892395e+01
-5.778384e+01
-5.112042e+01
-6.671313e+01
-5.829270e+01
-5.204234e+01
-4.676986e+01
-4.982348e+01
-5.100827e+01
-4.491755e+01
-5.153105e+01
-5.362200e+01
-5.648849e+01
-4.626511e+01
-4.340175e+01
-5.724327e+01
-4.840764e+01
-5.994514e+01
-5.643027e+01
-4.793919e+01
-4.654857e+01
-4.710446e+01
-4.384545e+01
-5.193402e+01
-4.408119e+01
-4.560495e+01
-5.184709e+01
-4.423885e+01
-5.262227e+01
-4.250097e+01
-5.416987e+01
-4.312620e+01
-4.623843e+01
-5.556197e+01
-5.849910e+01
-7.149563e+01
-4.876150e+01
-4.540610e+01
-5.931440e+01
-4.363889e+01
-4.382972e+01
-4.036970e+01
-5.207056e+01
-5.851762e+01
-4.764744e+01
-3.787097e+01
-4.140392e+01
-4.311328e+01
-4.157346e+01
-5.022785e+01
-5.677567e+01
-4.661142e+01
-4.419541e+01
-4.279632e+01
-4.496751e+01
-5.250497e+01
-4.704457e+01
-5.098328e+01
-4.892685e+01
-4.394590e+01
-4.477766e+01
-3.901268e+01
-4.306773e+01
-5.331873e+01
-4.451904e+01
-4.586330e+01
-4.038925e+01
-4.317441e+01
-4.102034e+01
-4.415848e+01
-4.122119e+01
-4.314441e+01
-4.314631e+01
-4.497338e+01
-4.513588e+01
-4.534202e+01
-5.971076e+01
-4.459320e+01
-3.925956e+01
-4.350948e+01
-4.170242e+01
-4.411914e+01
-6.112251e+01
-4.716585e+01
-4.078606e+01
-3.877231e+01
-4.729778e+01
-4.786678e+01
-4.022538e+01
-4.248557e+01
-4.403207e+01
-3.772771e+01
-3.770873e+01
-3.975552e+01
-4.069823e+01
-4.114509e+01
-4.904169e+01
-4.134013e+01
-4.090296e+01
-3.604233e+01
-3.281386e+01
-3.622813e+01
-3.803906e+01
-4.454930e+01
-4.420530e+01
-4.236341e+01
-3.594302e+01
-3.638122e+01
-4.095109e+01
-3.678054e+01
-3.429496e+01
-3.297728e+01
-3.162512e+01
-3.465064e+01
-3.687087e+01
-3.591198e+01
-3.931730e+01
-3.598833e+01
-3.644082e+01
-3.969427e+01
-3.622804e+01
-3.640117e+01
-3.704561e+01
-3.807394e+01
-3.723293e+01
-3.422390e+01
-3.865941e+01
-4.297155e+01
-3.510835e+01
-3.019760e+01
-3.716476e+01
-3.856430e+01
-3.417329e+01
-3.762687e+01
-3.294767e+01
-3.028590e+01
-3.854078e+01
-4.499997e+01
-4.103938e+01
-4.222794e+01
-4.293298e+01
-3.359224e+01
-2.891311e+01
-2.904448e+01
-3.402597e+01
-3.648635e+01
-3.561768e+01
-3.901634e+01
-4.095638e+01
-4.302996e+01
-4.562690e+01
-4.740639e+01
-4.064413e+01
-3.159542e+01
-3.059551e+01
-2.968007e+01
-2.991631e+01
-2.954062e+01
-3.374596e+01
-3.780576e+01
-3.619128e+01
-3.511983e+01
-3.402111e+01
-3.600322e+01
-3.155130e+01
-3.014763e+01
-3.509300e+01
-3.956128e+01
-3.487563e+01
-2.911652e+01
-3.807852e+01
-3.794653e+01
-2.992760e+01
-2.885704e+01
-2.844552e+01
-3.190030e+01
-3.600280e+01
-3.231847e+01
-3.380047e+01
-3.575708e+01
-3.666386e+01
-4.398662e+01
-3.849803e+01
-3.180310e+01
-3.606805e+01
-3.836091e+01
-3.366933e+01
-3.204026e+01
-3.177490e+01
-3.159778e+01
-3.393579e+01
-3.301471e+01
-3.243145e+01
-3.048137e+01
-3.418050e+01
-3.391781e+01
-3.319138e+01
-3.679603e+01
-3.779638e+01
-3.587982e+01
-3.152718e+01
-3.658876e+01
-3.919772e+01
-3.406545e+01
-3.591589e+01
-3.341133e+01
-2.989471e+01
-3.356998e+01
-3.520794e+01
-3.723312e+01
-3.921236e+01
-3.399179e+01
-3.429330e+01
-3.269452e+01
-3.137913e+01
-3.563056e+01
-3.578205e+01
-3.281054e+01
-3.477967e+01
-3.498889e+01
-3.702822e+01
-3.150047e+01
-3.071452e+01
-3.151327e+01
-3.242182e+01
-3.574730e+01
-3.569081e+01
-3.419112e+01
-3.494031e+01
-3.627764e+01
-3.043820e+01
-3.647719e+01
-3.943720e+01
-3.892905e+01
-4.103928e+01
-3.954104e+01
-3.955589e+01
-3.901562e+01
-3.823681e+01
-3.765357e+01
-3.992027e+01
-4.158702e+01
-4.638335e+01
-3.834496e+01
-3.890523e+01
-4.705611e+01
-4.443104e+01
-3.677567e+01
-4.251450e+01
-4.840544e+01
-4.220790e+01
-4.189512e+01
-3.426969e+01
-3.784988e+01
-3.876736e+01
-3.643457e+01
-3.973183e+01
-4.145533e+01
-3.848685e+01
-3.841680e+01
-3.767819e+01
-4.327370e+01
-4.505400e+01
-3.776688e+01
-4.484984e+01
-4.606732e+01
-4.281241e+01
-4.371855e+01
-4.087969e+01
-4.521561e+01
-4.582029e+01
-4.947984e+01
-4.917075e+01
-4.574756e+01
-4.728570e+01
-4.182696e+01
-4.161791e+01
-4.091143e+01
-4.068919e+01
-4.050908e+01
-4.436929e+01
-4.584540e+01
-4.436217e+01
-4.220167e+01
-4.242935e+01
-5.386605e+01
-4.182122e+01
-4.393427e+01
-4.994528e+01
-4.623141e+01
-4.301818e+01
-4.684576e+01
-4.133431e+01
-4.437569e+01
-4.443662e+01
-4.509193e+01
-4.887507e+01
-4.515075e+01
-4.373163e+01
-4.668526e+01
-4.213052e+01
-4.530954e+01
-4.767958e+01
-4.581495e+01
-4.649858e+01
-4.910888e+01
-5.315439e+01
-6.734271e+01
-3.914108e+01
-4.552876e+01
-4.422748e+01
-5.548278e+01
-5.586966e+01
-4.363476e+01
-4.556620e+01
-4.665157e+01
-4.622419e+01
-4.503432e+01
-5.027721e+01
-6.368583e+01
-4.746154e+01
-4.971864e+01
-4.488396e+01
-4.642726e+01
-4.881264e+01
-4.530858e+01
-5.097366e+01
-4.954374e+01
-4.609902e+01
-4.502213e+01
-4.652965e+01
-4.329298e+01
-4.756483e+01
-4.738721e+01
-4.613324e+01
-4.444230e+01
-4.841090e+01
-5.515806e+01
-4.474912e+01
-4.624613e+01
-4.950238e+01
-5.415163e+01
-5.103674e+01
-5.471981e+01
-6.141010e+01
-5.273535e+01
-5.097757e+01
-6.068725e+01
-5.546529e+01
-5.865165e+01
-5.173881e+01
-4.471490e+01
-5.286752e+01
-4.654137e+01
-5.440684e+01
-5.265638e+01
-5.355664e+01
-6.076106e+01
-4.844792e+01
-4.555065e+01
-5.150746e+01
-4.109750e+01
-4.206517e+01
-4.743379e+01
-5.450617e+01
-6.419945e+01
-5.078898e+01
-5.648181e+01
-4.964314e+01
-5.453144e+01
-5.677531e+01
-6.472511e+01
-6.134347e+01
-5.445642e+01
-5.657994e+01
-5.626532e+01
-6.614812e+01
-6.324978e+01
-5.759027e+01
-5.425286e+01
