-5.518438e+01
-5.177789e+01
-5.244074e+01
-5.112892e+01
-5.766631e+01
-5.197853e+01
-5.371159e+01
-6.031493e+01
-4.783011e+01
-5.171289e+01
-5.823306e+01
-5.362854e+01
-5.006075e+01
-5.541331e+01
-6.103530e+01
-5.292835e+01
-5.499023e+01
-5.169813e+01
-4.705411e+01
-5.038724e+01
-4.797208e+01
-6.055284e+01
-5.870659e+01
-4.858102e+01
-4.700353e+01
-5.122894e+01
-5.256179e+01
-4.886282e+01
-5.044530e+01
-4.495212e+01
-5.314683e+01
-5.530204e+01
-4.994342e+01
-5.668010e+01
-4.768773e+01
-4.595883e+01
-5.865919e+01
-4.715081e+01
-4.490208e+01
-5.220226e+01
-4.689803e+01
-5.607981e+01
-4.469041e+01
-4.394387e+01
-4.064122e+01
-5.184300e+01
-5.653979e+01
-4.669619e+01
-4.529498e+01
-4.367962e+01
-5.369202e+01
-4.412523e+01
-4.980015e+01
-4.921757e+01
-4.408565e+01
-4.527203e+01
-4.864666e+01
-4.572365e+01
-4.402780e+01
-4.488933e+01
-4.345069e+01
-5.194269e+01
-4.254610e+01
-4.307507e+01
-3.800489e+01
-4.366132e+01
-4.593292e+01
-4.578226e+01
-4.396240e+01
-4.510538e+01
-6.038860e+01
-5.063962e+01
-4.081457e+01
-4.230779e+01
-4.992463e+01
-4.755190e+01
-4.053309e+01
-4.565140e+01
-4.535553e+01
-4.831210e+01
-4.564871e+01
-4.385881e+01
-3.768163e+01
-3.951675e+01
-4.221867e+01
-4.049187e+01
-3.950891e+01
-4.788401e+01
-4.644220e+01
-4.217006e+01
-3.697725e+01
-4.015006e+01
-3.915481e+01
-3.903197e+01
-3.636646e+01
-3.778063e+01
-4.112399e+01
-4.292858e+01
-3.808765e+01
-4.866010e+01
-4.905895e+01
-4.297816e+01
-5.111285e+01
-5.048626e+01
-4.598712e+01
-4.446299e+01
-4.101520e+01
-4.903065e+01
-4.655416e+01
-4.024164e+01
-4.365613e+01
-3.938323e+01
-3.697433e+01
-4.883548e+01
-4.658735e+01
-5.018524e+01
-5.031808e+01
-4.928635e+01
-4.145804e+01
-3.552077e+01
-4.411775e+01
-4.102988e+01
-4.692691e+01
-4.613219e+01
-4.097512e+01
-3.678050e+01
-3.557094e+01
-3.745535e+01
-4.305542e+01
-3.941122e+01
-3.615406e+01
-3.837170e+01
-4.723742e+01
-4.135394e+01
-3.562070e+01
-3.498446e+01
-4.111795e+01
-4.566011e+01
-4.160130e+01
-3.680282e+01
-3.564297e+01
-3.743896e+01
-3.542366e+01
-4.557495e+01
-3.923909e+01
-3.621576e+01
-4.155811e+01
-3.664165e+01
-3.345317e+01
-3.787342e+01
-4.083761e+01
-3.605861e+01
-3.855759e+01
-4.479533e+01
-4.071614e+01
-3.572618e+01
-4.277040e+01
-4.568219e+01
-3.976040e+01
-4.113955e+01
-3.867089e+01
-4.088543e+01
-3.885209e+01
-3.166801e+01
-3.427502e+01
-3.500452e+01
-3.394254e+01
-3.718652e+01
-3.774615e+01
-3.507859e+01
-3.175366e+01
-3.234895e+01
-4.149857e+01
-3.827052e+01
-3.377281e+01
-3.395843e+01
-3.314297e+01
-3.198071e+01
-3.539865e+01
-3.471914e+01
-3.708567e+01
-3.572824e+01
-3.152887e+01
-3.553458e+01
-3.681625e+01
-3.740095e+01
-3.401115e+01
-3.247377e+01
-3.500637e+01
-3.680524e+01
-3.444779e+01
-3.519608e+01
-3.719490e+01
-3.885815e+01
-3.727851e+01
-3.234350e+01
-2.994999e+01
-2.908676e+01
-3.272517e+01
-3.647413e+01
-3.608742e+01
-3.255991e+01
-2.928436e+01
-3.418722e+01
-3.753094e+01
-3.256281e+01
-3.128642e+01
-3.362067e+01
-3.629588e+01
-3.508309e+01
-3.085095e+01
-3.118487e+01
-3.391314e+01
-3.436745e+01
-3.609662e+01
-3.477448e+01
-3.615830e+01
-4.579966e+01
-4.400271e+01
-3.296060e+01
-3.212709e+01
-3.727068e+01
-3.419422e+01
-3.340308e+01
-3.735651e+01
-3.170930e+01
-3.446354e+01
-3.641890e+01
-3.234526e+01
-3.343058e+01
-3.553882e+01
-4.112502e+01
-3.865768e+01
-3.316408e+01
-3.523668e+01
-3.076225e+01
-2.812992e+01
-3.278837e+01
-3.961729e+01
-3.689898e+01
-3.257733e+01
-4.043732e+01
-4.224677e+01
-3.430359e+01
-3.498569e+01
-3.293784e+01
-3.428343e+01
-3.764966e+01
-3.868830e+01
-3.481198e+01
-3.615246e+01
-3.636649e+01
-3.733514e+01
-3.746633e+01
-3.698679e+01
-4.121291e+01
-3.675710e+01
-3.468976e+01
-3.823236e+01
-3.919669e+01
-3.852238e+01
-3.959227e+01
-3.997100e+01
-3.420902e+01
-3.702501e+01
-3.996865e+01
-4.054779e+01
-4.555076e+01
-3.602868e+01
-3.625117e+01
-4.092835e+01
-3.729662e+01
-3.862980e+01
-4.049438e+01
-4.659918e+01
-4.954276e+01
-4.624498e+01
-4.703082e+01
-3.862959e+01
-4.289070e+01
-4.066535e+01
-3.782013e+01
-3.904112e+01
-3.797380e+01
-4.437540e+01
-4.985694e+01
-4.326082e+01
-4.178456e+01
-4.323269e+01
-3.879519e+01
-4.949217e+01
-4.566358e+01
-5.186834e+01
-5.253165e+01
-5.207090e+01
-4.817175e+01
-5.152573e+01
-5.259633e+01
-4.680062e+01
-4.544247e+01
-4.614486e+01
-4.451637e+01
-5.083043e+01
-4.210426e+01
-4.257495e+01
-4.127844e+01
-4.261985e+01
-4.426857e+01
-4.619788e+01
-4.873715e+01
-4.248908e+01
-4.164680e+01
-4.901336e+01
-4.873813e+01
-4.286100e+01
-4.577613e+01
-4.826624e+01
-4.741570e+01
-4.153323e+01
-4.852323e+01
-4.999868e+01
-4.629587e+01
-4.456963e+01
-4.561386e+01
-4.654884e+01
-4.292699e+01
-4.860785e+01
-4.449750e+01
-4.981706e+01
-5.319050e+01
-5.087165e+01
-4.163098e+01
-5.102677e+01
-4.835728e+01
-4.409532e+01
-4.858912e+01
-4.771895e+01
-4.639377e+01
-4.889457e+01
-4.671782e+01
-4.755444e+01
-5.506118e+01
-4.599068e+01
-4.693827e+01
-4.510948e+01
-5.129956e+01
-5.580145e+01
-5.507157e+01
-4.547895e+01
-5.006160e+01
-4.356929e+01
-4.910130e+01
-4.335418e+01
-5.103018e+01
-5.135456e+01
-4.779910e+01
-4.695502e+01
-5.819129e+01
-5.041979e+01
-5.179979e+01
-4.872125e+01
-4.843146e+01
-5.460064e+01
-5.750515e+01
-4.553138e+01
-5.022952e+01
-4.752558e+01
-5.224361e+01
-5.873786e+01
-5.013015e+01
-5.191681e+01
-6.161483e+01
-5.450473e+01
-5.534316e+01
-5.349023e+01
-5.204433e+01
-5.885089e+01
-5.897528e+01
-5.483844e+01
-4.708911e+01
-4.378529e+01
-4.469503e+01
-4.076495e+01
-4.406980e+01
-4.507528e+01
-5.859985e+01
-5.955816e+01
-5.299113e+01
-4.845634e+01
-5.597949e+01
-5.079854e+01
-6.487698e+01
-5.503093e+01
-4.945060e+01
-5.054466e+01
-5.823583e+01
-5.363530e+01
-5.291306e+01
-5.111567e+01
-5.638794e+01
-5.359072e+01
