9.225562e-01
8.957184e-01
6.038783e-01
1.855765e-01
1.488126e-02
1.851631e-03
1.122113e-03
8.619226e-04
5.926481e-04
1.039222e-03
1.792044e-03
1.718282e-03
9.252059e-04
1.770919e-04
1.108210e-03
1.460487e-03
9.497852e-04
3.744931e-04
1.390131e-03
2.559173e-03
2.899365e-03
2.737990e-03
3.125522e-03
3.441315e-03
3.021367e-03
2.204800e-03
1.187485e-03
5.487735e-04
5.429585e-04
6.379226e-04
9.570022e-04
1.207335e-03
1.135906e-03
1.201422e-03
9.897451e-04
6.365537e-04
7.828130e-04
9.308430e-04
1.092450e-03
1.075210e-03
9.851742e-04
7.598614e-04
5.055881e-04
3.720947e-04
2.669882e-04
8.125595e-04
1.225338e-03
1.325287e-03
8.599188e-04
4.058373e-04
1.046051e-03
1.586569e-03
1.523304e-03
1.265228e-03
1.120325e-03
8.493718e-04
8.847816e-04
1.168398e-03
8.965572e-04
4.611690e-04
2.949426e-04
8.892920e-04
1.230758e-03
1.244283e-03
1.257976e-03
9.588966e-04
7.446161e-04
6.655680e-04
6.744032e-04
6.854180e-04
8.558971e-04
1.209482e-03
1.326643e-03
1.557294e-03
1.792882e-03
1.753127e-03
1.591415e-03
1.158502e-03
4.183837e-04
3.684896e-04
6.300315e-04
6.392811e-04
2.803272e-04
8.948161e-05
2.427327e-04
6.383017e-04
8.912656e-04
9.616534e-04
5.636633e-04
1.997268e-04
2.387925e-04
4.320281e-04
5.021117e-04
4.933685e-04
7.223962e-04
1.023037e-03
1.296394e-03
1.312388e-03
1.248280e-03
1.231396e-03
8.288994e-04
3.858406e-04
2.640916e-04
2.877461e-04
5.754490e-04
5.183667e-04
4.341392e-04
4.500452e-04
3.377600e-04
2.311102e-04
2.551809e-04
3.194171e-04
4.696065e-04
5.730322e-04
6.446163e-04
8.519012e-04
1.101317e-03
1.420188e-03
1.524139e-03
1.340927e-03
9.661123e-04
5.151645e-04
2.146336e-04
1.980612e-04
2.269802e-04
3.054369e-04
5.022290e-04
6.917376e-04
8.139552e-04
8.329878e-04
8.207281e-04
8.468014e-04
8.382376e-04
8.876353e-04
9.143588e-04
8.411821e-04
7.506637e-04
7.053179e-04
8.160511e-04
7.224898e-04
4.354454e-04
2.255238e-04
2.022405e-04
1.410433e-04
2.860667e-04
5.705534e-04
6.134955e-04
5.756394e-04
5.784047e-04
5.523106e-04
6.086797e-04
6.154167e-04
5.265354e-04
5.717941e-04
6.134952e-04
4.829890e-04
3.187417e-04
2.232846e-04
5.248014e-05
3.303584e-04
5.181220e-04
5.616964e-04
6.310929e-04
6.971553e-04
7.186721e-04
6.472704e-04
5.533515e-04
4.553508e-04
4.621424e-04
4.147768e-04
2.803423e-04
3.349619e-04
2.982440e-04
1.452716e-04
1.500146e-04
2.487739e-04
3.898408e-04
4.391502e-04
3.276213e-04
3.627793e-04
4.715782e-04
4.333143e-04
3.289006e-04
2.119943e-04
2.131926e-04
2.291306e-04
2.770179e-04
3.251037e-04
4.436127e-04
4.764615e-04
3.604117e-04
2.977271e-04
1.626798e-04
4.675198e-04
4.621549e-04
2.548134e-04
4.019483e-04
5.947395e-04
6.694170e-04
4.873710e-04
2.303983e-04
3.110806e-04
4.950537e-04
5.271941e-04
5.275420e-04
5.765949e-04
6.550220e-04
7.562899e-04
7.968465e-04
7.690958e-04
5.441282e-04
1.567431e-04
1.023436e-04
1.159227e-04
4.997050e-05
4.473625e-05
9.293973e-05
2.254081e-04
2.943498e-04
3.220859e-04
3.350977e-04
2.510675e-04
7.459826e-05
1.550904e-04
4.610621e-04
6.002740e-04
6.053228e-04
5.354717e-04
4.349237e-04
4.789697e-04
4.886313e-04
5.305628e-04
4.522598e-04
3.379163e-04
3.899902e-04
3.741944e-04
1.236284e-04
2.049076e-04
4.082424e-04
5.729632e-04
6.637541e-04
5.910958e-04
4.978357e-04
4.322991e-04
2.900158e-04
1.130845e-04
1.287580e-04
2.037039e-04
2.904795e-04
3.695296e-04
4.350043e-04
4.425357e-04
4.214093e-04
3.679427e-04
2.004180e-04
1.123469e-04
6.840973e-05
4.969161e-05
1.867431e-04
3.168456e-04
3.035248e-04
2.373780e-04
1.188641e-04
2.785878e-06
5.983714e-05
1.893755e-04
2.630339e-04
3.611153e-04
4.566588e-04
3.921501e-04
2.328480e-04
4.044232e-04
6.118699e-04
5.874830e-04
4.324705e-04
2.204145e-04
1.195450e-04
1.157928e-04
1.081224e-04
1.486563e-04
1.728170e-04
1.984879e-04
2.828041e-04
3.478154e-04
3.808555e-04
3.864291e-04
3.173873e-04
2.810087e-04
3.944184e-04
4.794189e-04
4.406401e-04
4.294175e-04
4.001257e-04
3.592724e-04
3.739500e-04
4.130169e-04
4.045213e-04
3.323627e-04
2.641681e-04
1.481429e-04
1.030602e-04
1.138667e-04
5.566453e-05
6.952431e-05
5.963683e-05
8.620145e-05
2.302562e-04
3.525179e-04
3.875267e-04
4.275697e-04
4.402556e-04
5.196582e-04
6.109538e-04
5.994782e-04
5.811087e-04
4.138126e-04
2.525972e-04
2.567495e-04
2.369415e-04
1.657652e-04
1.168328e-04
2.041877e-04
2.267546e-04
2.120719e-04
1.799197e-04
6.369843e-05
8.981351e-05
1.523265e-04
2.090255e-04
1.857678e-04
1.292369e-04
9.483988e-05
4.821928e-05
1.607158e-05
7.988286e-05
7.421007e-05
4.424195e-05
1.069781e-04
1.767044e-04
1.744933e-04
1.886138e-04
3.184090e-04
3.771530e-04
3.427826e-04
3.024178e-04
2.827455e-04
3.407159e-04
4.337845e-04
4.575669e-04
4.372112e-04
3.534098e-04
2.078048e-04
1.413232e-04
8.993757e-05
6.167305e-05
1.293236e-04
1.965047e-04
2.699672e-04
2.448427e-04
2.287000e-04
2.428956e-04
1.877729e-04
1.311018e-04
8.036337e-05
3.315233e-05
3.736422e-05
9.281588e-05
1.382947e-04
2.032104e-04
2.512589e-04
2.277846e-04
2.386423e-04
2.152976e-04
1.754572e-04
1.863329e-04
2.129527e-04
2.180371e-04
2.367146e-04
3.419892e-04
3.338046e-04
3.723528e-04
4.831259e-04
4.716172e-04
4.007531e-04
2.998172e-04
1.526174e-04
1.569573e-04
1.440921e-04
1.229282e-04
1.524662e-04
1.083710e-04
8.949028e-05
1.232957e-04
7.259639e-05
1.366918e-04
2.370922e-04
2.962320e-04
3.609586e-04
3.518884e-04
3.086067e-04
3.420581e-04
