-5.793072e+01
-6.892775e+01
-5.762616e+01
-5.544778e+01
-5.622672e+01
-6.108183e+01
-5.540237e+01
-5.629979e+01
-5.417077e+01
-6.070846e+01
-5.796616e+01
-6.559935e+01
-5.177523e+01
-5.182914e+01
-4.890239e+01
-5.633727e+01
-6.236102e+01
-5.633166e+01
-5.512846e+01
-5.027293e+01
-4.530172e+01
-5.129446e+01
-4.807243e+01
-4.999246e+01
-5.323281e+01
-5.311863e+01
-5.650547e+01
-4.965546e+01
-5.295524e+01
-4.845714e+01
-5.792843e+01
-5.208771e+01
-4.534703e+01
-5.901586e+01
-6.400268e+01
-5.192109e+01
-6.367771e+01
-5.419146e+01
-4.903862e+01
-4.751796e+01
-4.724495e+01
-5.541903e+01
-4.974261e+01
-4.844400e+01
-5.858391e+01
-5.509685e+01
-5.990934e+01
-4.780051e+01
-5.393145e+01
-4.652995e+01
-5.424740e+01
-5.088887e+01
-4.495578e+01
-4.856486e+01
-5.311448e+01
-5.285327e+01
-5.072319e+01
-5.001391e+01
-5.036476e+01
-4.726358e+01
-5.445025e+01
-4.848197e+01
-5.277872e+01
-5.033433e+01
-5.208192e+01
-5.792211e+01
-4.958661e+01
-6.233444e+01
-5.063453e+01
-5.529921e+01
-5.716400e+01
-5.143030e+01
-5.135778e+01
-4.845353e+01
-5.209143e+01
-5.483400e+01
-5.731646e+01
-6.674380e+01
-5.146164e+01
-4.770699e+01
-4.677674e+01
-4.787856e+01
-4.886754e+01
-4.662864e+01
-5.101537e+01
-4.601292e+01
-4.951860e+01
-4.592252e+01
-4.431233e+01
-4.914943e+01
-4.746879e+01
-4.646890e+01
-4.648711e+01
-5.326208e+01
-5.145447e+01
-5.266860e+01
-5.775317e+01
-5.240609e+01
-5.110407e+01
-5.167671e+01
-4.894899e+01
-5.054661e+01
-4.600543e+01
-4.886206e+01
-5.110823e+01
-4.796878e+01
-5.177468e+01
-5.517179e+01
-4.852615e+01
-6.615127e+01
-5.585865e+01
-4.630315e+01
-5.485837e+01
-4.879552e+01
-5.251738e+01
-4.716863e+01
-4.548594e+01
-4.967223e+01
-4.447015e+01
-4.488409e+01
-4.858815e+01
-5.198745e+01
-4.806581e+01
-4.950126e+01
-4.980321e+01
-5.014499e+01
-5.557195e+01
-4.690785e+01
-4.658345e+01
-5.954080e+01
-5.567781e+01
-4.815366e+01
-4.609975e+01
-4.720189e+01
-5.613516e+01
-5.618047e+01
-4.990373e+01
-4.643442e+01
-5.883414e+01
-5.850851e+01
-5.043301e+01
-5.178278e+01
-5.107211e+01
-4.670517e+01
-4.746631e+01
-5.119378e+01
-4.962260e+01
-5.106593e+01
-5.024189e+01
-4.561960e+01
-4.081738e+01
-4.722141e+01
-5.351930e+01
-5.053661e+01
-4.958867e+01
-4.888021e+01
-4.583333e+01
-4.658953e+01
-5.034330e+01
-4.911598e+01
-4.639981e+01
-5.993263e+01
-5.918046e+01
-5.778325e+01
-5.107979e+01
-4.877960e+01
-4.797752e+01
-4.615401e+01
-4.663553e+01
-4.775333e+01
-4.324390e+01
-4.737440e+01
-5.313487e+01
-5.171825e+01
-4.888594e+01
-4.843563e+01
-4.689133e+01
-4.977993e+01
-5.581586e+01
-4.948483e+01
-4.212167e+01
-4.606646e+01
-5.163652e+01
-4.999647e+01
-4.581486e+01
-5.088357e+01
-4.871837e+01
-4.679580e+01
-4.824273e+01
-4.614410e+01
-5.178108e+01
-5.117383e+01
-4.784015e+01
-5.160553e+01
-4.733405e+01
-4.609479e+01
-5.238795e+01
-4.899749e+01
-4.583650e+01
-4.655892e+01
-4.520141e+01
-4.845120e+01
-5.008495e+01
-4.407438e+01
-4.331142e+01
-4.552684e+01
-4.556099e+01
-4.716193e+01
-4.651249e+01
-5.413225e+01
-6.000548e+01
-5.167005e+01
-4.768056e+01
-4.660804e+01
-4.644766e+01
-5.390179e+01
-5.505453e+01
-5.059710e+01
-4.751878e+01
-4.730267e+01
-5.131036e+01
-4.719263e+01
-4.472432e+01
-4.607119e+01
-4.518337e+01
-4.485866e+01
-4.404911e+01
-4.162569e+01
-4.124514e+01
-4.138183e+01
-4.681396e+01
-4.938964e+01
-4.739566e+01
-4.829193e+01
-4.306748e+01
-4.717423e+01
-5.268292e+01
-4.465226e+01
-4.658753e+01
-4.429781e+01
-4.116805e+01
-4.545413e+01
-5.172840e+01
-4.753261e+01
-5.021597e+01
-4.740567e+01
-4.547694e+01
-4.717905e+01
-5.044238e+01
-4.802437e+01
-4.620500e+01
-4.484128e+01
-4.690674e+01
-4.489810e+01
-4.830301e+01
-5.050167e+01
-4.793520e+01
-4.823666e+01
-4.644171e+01
-4.465496e+01
-4.687276e+01
-4.614703e+01
-5.111739e+01
-5.452998e+01
-5.561707e+01
-5.048740e+01
-4.510487e+01
-4.072956e+01
-4.556592e+01
-5.426731e+01
-5.406563e+01
-4.555550e+01
-4.600110e+01
-4.572163e+01
-4.684800e+01
-4.975768e+01
-4.769703e+01
-4.876751e+01
-5.248931e+01
-5.205123e+01
-4.830378e+01
-5.154026e+01
-5.035391e+01
-4.924139e+01
-4.271519e+01
-4.613898e+01
-4.696566e+01
-4.471654e+01
-4.318853e+01
-4.149858e+01
-4.765232e+01
-5.055244e+01
-4.964650e+01
-5.001908e+01
-4.663974e+01
-4.755146e+01
-4.418290e+01
-4.264489e+01
-4.610962e+01
-4.945162e+01
-5.253197e+01
-5.143353e+01
-4.730546e+01
-4.429744e+01
-4.655522e+01
-4.590631e+01
-4.975428e+01
-5.382958e+01
-5.180010e+01
-4.963557e+01
-5.108360e+01
-4.988780e+01
-4.932980e+01
-4.859599e+01
-5.236544e+01
-4.749537e+01
-4.127382e+01
-4.712519e+01
-5.142474e+01
-4.536563e+01
-4.946556e+01
-5.198479e+01
-5.116789e+01
-5.826608e+01
-5.074683e+01
-4.782635e+01
-4.883390e+01
-5.229582e+01
-4.946621e+01
-4.907834e+01
-5.474065e+01
-5.319749e+01
-5.206116e+01
-5.099142e+01
-5.133710e+01
-4.470406e+01
-4.618260e+01
-5.125158e+01
-5.759274e+01
-5.075569e+01
-5.196210e+01
-4.512308e+01
-5.202227e+01
-6.513282e+01
-4.848090e+01
-4.648141e+01
-4.493884e+01
-5.457733e+01
-5.218276e+01
-5.547662e+01
-4.570415e+01
-4.693864e+01
-5.255742e+01
-5.495848e+01
-4.802401e+01
-4.999212e+01
-5.073228e+01
-5.135408e+01
-4.484220e+01
-4.844753e+01
-5.128794e+01
-5.529945e+01
-4.721104e+01
-4.715267e+01
-4.605007e+01
-4.794961e+01
-5.752637e+01
-5.146095e+01
-5.080499e+01
-5.788134e+01
-6.028195e+01
-4.770024e+01
-5.141123e+01
-4.668516e+01
-6.355638e+01
-5.682567e+01
-5.486780e+01
-5.213543e+01
-6.568375e+01
-5.641330e+01
-4.835250e+01
-5.067447e+01
-5.346125e+01
-5.094331e+01
-6.710825e+01
-6.236271e+01
-4.817415e+01
-5.250320e+01
-5.155489e+01
-5.950364e+01
-6.598236e+01
-4.951143e+01
-6.608356e+01
-5.538594e+01
-5.045490e+01
-5.342916e+01
-5.419687e+01
-4.876706e+01
-5.292421e+01
-5.100126e+01
-5.044651e+01
