8.129867e-01
7.890298e-01
5.306005e-01
1.601812e-01
9.892274e-03
2.014265e-03
2.410216e-03
3.858889e-03
4.551357e-03
6.044225e-03
1.005737e-02
1.223913e-02
1.059824e-02
6.924058e-03
4.982182e-03
4.178046e-03
2.735678e-03
1.085544e-03
3.821322e-03
8.525773e-03
9.318477e-03
7.764595e-03
6.069397e-03
3.775743e-03
4.159397e-03
9.187268e-03
8.847047e-03
6.094523e-03
4.128878e-03
2.464075e-03
1.795152e-03
3.405255e-03
6.014678e-03
5.672576e-03
3.197807e-03
3.765541e-03
6.511403e-03
8.680580e-03
8.923906e-03
8.482541e-03
7.996080e-03
5.731030e-03
2.940342e-03
4.354658e-03
7.328231e-03
7.831965e-03
4.788920e-03
2.594049e-03
5.644680e-03
7.545690e-03
7.613710e-03
5.564202e-03
3.031635e-03
3.256117e-03
3.940950e-03
3.166002e-03
1.411804e-03
9.859739e-04
1.987314e-03
1.089501e-03
2.331544e-03
3.181644e-03
3.114949e-03
2.045380e-03
1.430952e-03
2.330767e-03
2.123127e-03
1.939120e-03
2.184250e-03
2.117970e-03
2.388918e-03
2.687665e-03
2.640566e-03
2.411819e-03
2.209948e-03
1.845104e-03
1.613411e-03
1.374600e-03
1.026416e-03
1.040037e-03
1.030073e-03
8.421035e-04
4.791168e-04
1.483738e-03
2.371094e-03
3.302314e-03
3.305722e-03
2.501125e-03
1.748891e-03
1.165040e-03
1.145102e-03
1.285493e-03
1.797306e-03
1.687666e-03
1.585660e-03
2.128145e-03
2.159331e-03
2.026332e-03
2.006227e-03
1.408068e-03
1.032736e-03
1.130135e-03
1.058340e-03
9.817216e-04
8.995440e-04
5.594297e-04
6.220000e-04
1.005610e-03
1.169539e-03
1.362799e-03
1.133828e-03
6.584647e-04
6.865179e-04
1.189312e-03
1.564658e-03
1.724894e-03
1.620150e-03
1.256910e-03
8.657469e-04
5.676437e-04
3.140508e-04
5.002408e-04
1.121809e-03
1.579892e-03
1.615847e-03
1.419638e-03
1.253059e-03
8.293494e-04
4.122939e-04
1.730996e-04
1.375040e-04
2.695083e-04
6.179608e-04
7.824816e-04
6.541718e-04
7.471270e-04
1.108736e-03
1.244488e-03
1.030347e-03
7.798710e-04
9.210320e-04
1.192449e-03
1.106891e-03
8.539878e-04
7.022406e-04
8.203481e-04
1.018995e-03
1.337332e-03
1.560650e-03
1.429803e-03
1.215150e-03
9.289489e-04
6.173219e-04
1.985926e-04
5.556206e-04
8.185312e-04
1.098882e-03
1.202971e-03
1.157381e-03
1.001186e-03
6.189466e-04
1.076995e-04
2.821583e-04
2.440045e-04
1.941165e-04
4.425501e-04
5.074705e-04
8.032203e-05
3.728391e-04
6.298852e-04
9.148159e-04
9.469945e-04
8.996666e-04
9.540617e-04
8.293724e-04
4.729197e-04
1.567340e-04
2.488891e-04
5.031245e-04
5.667400e-04
5.244999e-04
4.524013e-04
4.439595e-04
4.706680e-04
4.879880e-04
7.982899e-04
1.087022e-03
1.116892e-03
1.174646e-03
1.084698e-03
7.639356e-04
5.376338e-04
5.190459e-04
5.028250e-04
5.401925e-04
5.613039e-04
7.150338e-04
8.361887e-04
5.985838e-04
3.925477e-04
5.053126e-04
5.357927e-04
4.956548e-04
5.669282e-04
7.153138e-04
6.887064e-04
5.670645e-04
5.496244e-04
4.679946e-04
3.435382e-04
2.619719e-04
1.943217e-04
1.783573e-04
4.778057e-04
7.322876e-04
8.185440e-04
5.684057e-04
6.376170e-05
3.798827e-04
5.279646e-04
3.798829e-04
2.405372e-04
3.909146e-04
5.785085e-04
7.170578e-04
6.385302e-04
5.248960e-04
5.050242e-04
4.291988e-04
3.573868e-04
2.237771e-04
2.173302e-04
2.629610e-04
1.166719e-04
1.026318e-04
2.531634e-04
3.112636e-04
1.823842e-04
1.601977e-04
5.830747e-04
7.313423e-04
5.614219e-04
5.132580e-04
6.872970e-04
7.350173e-04
5.935794e-04
1.911114e-04
2.294920e-04
3.176076e-04
3.249387e-04
4.116729e-04
5.093048e-04
5.207392e-04
4.997315e-04
4.685652e-04
4.187917e-04
4.984533e-04
4.484856e-04
3.441896e-04
1.716331e-04
2.103075e-04
2.570617e-04
3.314252e-04
4.571376e-04
6.118523e-04
4.674273e-04
1.929624e-04
2.768080e-04
5.059558e-04
5.626733e-04
3.513543e-04
7.900227e-05
1.457335e-04
3.509019e-04
3.801863e-04
3.231755e-04
3.111962e-04
2.486008e-04
2.814952e-04
4.275613e-04
5.550822e-04
5.920634e-04
4.774967e-04
3.052648e-04
1.617816e-04
1.871495e-04
2.572938e-04
1.943047e-04
1.098015e-04
8.376670e-05
1.404325e-04
2.037517e-04
1.742844e-04
1.396961e-04
1.812591e-04
1.366153e-04
1.600885e-04
2.143694e-04
3.414299e-04
3.221065e-04
8.401678e-05
1.950057e-04
4.260556e-04
6.320035e-04
8.151006e-04
8.011061e-04
6.293824e-04
4.074601e-04
2.547042e-04
2.573676e-04
1.290924e-03
2.338596e-03
2.682488e-03
2.778613e-03
2.269270e-03
1.318717e-03
8.370748e-04
6.105280e-04
4.987766e-04
4.190899e-04
2.238213e-04
5.675045e-05
6.729706e-05
6.314788e-05
5.826565e-05
1.222112e-04
2.080737e-04
2.388261e-04
2.086785e-04
4.867352e-05
1.993061e-04
3.432222e-04
4.712080e-04
5.131700e-04
4.792433e-04
4.955367e-04
4.106236e-04
3.090581e-04
2.803989e-04
2.742717e-04
3.287650e-04
3.250783e-04
2.599805e-04
2.416236e-04
3.339007e-04
4.753968e-04
6.053476e-04
6.818804e-04
6.961155e-04
6.764980e-04
6.024312e-04
4.617082e-04
3.350194e-04
3.103073e-04
2.842019e-04
3.173149e-04
4.406557e-04
5.164192e-04
5.328727e-04
5.296848e-04
5.223259e-04
3.609629e-04
1.198498e-04
1.010294e-04
2.234190e-04
2.933834e-04
3.751202e-04
4.534979e-04
4.551739e-04
3.944906e-04
2.939243e-04
1.335722e-04
1.703938e-04
3.212483e-04
4.545430e-04
5.167698e-04
4.901213e-04
3.782889e-04
2.253624e-04
1.091445e-04
1.395802e-04
2.519122e-04
2.852613e-04
2.748350e-04
2.269320e-04
2.137364e-04
1.680329e-04
5.232666e-05
8.639872e-05
1.413401e-04
1.463650e-04
1.100101e-04
1.258506e-04
1.961336e-04
2.771184e-04
3.618059e-04
3.779314e-04
2.948328e-04
2.323546e-04
2.171387e-04
1.410681e-04
