-6.653035e+01
-5.795395e+01
-5.089110e+01
-5.304712e+01
-5.448754e+01
-5.115343e+01
-5.563039e+01
-5.705037e+01
-5.221447e+01
-5.514424e+01
-5.079277e+01
-5.611606e+01
-5.035158e+01
-5.165877e+01
-5.626822e+01
-5.369918e+01
-5.435588e+01
-4.879808e+01
-6.205733e+01
-5.531022e+01
-5.923891e+01
-5.123705e+01
-5.337208e+01
-4.753374e+01
-4.384599e+01
-5.381251e+01
-5.161863e+01
-4.581327e+01
-4.921787e+01
-4.739214e+01
-4.780417e+01
-5.081559e+01
-4.526750e+01
-4.827848e+01
-4.766249e+01
-5.213316e+01
-5.277328e+01
-4.814703e+01
-4.664377e+01
-5.541063e+01
-4.826555e+01
-4.577453e+01
-4.673854e+01
-4.577952e+01
-5.228280e+01
-5.020834e+01
-4.768551e+01
-4.947731e+01
-4.579015e+01
-5.461373e+01
-5.127597e+01
-5.662392e+01
-4.662169e+01
-5.225987e+01
-4.567445e+01
-4.605421e+01
-4.886186e+01
-4.817122e+01
-4.660293e+01
-4.970441e+01
-4.384029e+01
-4.762411e+01
-4.815026e+01
-5.036909e+01
-4.866176e+01
-4.689725e+01
-5.184961e+01
-4.999219e+01
-6.231194e+01
-5.056816e+01
-5.365804e+01
-4.856430e+01
-4.731908e+01
-4.501994e+01
-4.565876e+01
-5.307322e+01
-5.028446e+01
-5.151535e+01
-4.598161e+01
-4.361102e+01
-4.105297e+01
-4.423313e+01
-4.726000e+01
-4.141419e+01
-4.782907e+01
-4.906186e+01
-5.550056e+01
-4.645858e+01
-4.480654e+01
-4.781934e+01
-4.441123e+01
-4.461996e+01
-4.922041e+01
-4.907367e+01
-6.027572e+01
-4.896224e+01
-4.445671e+01
-4.524549e+01
-4.859386e+01
-4.167659e+01
-4.908754e+01
-4.750303e+01
-4.822822e+01
-5.292063e+01
-4.616774e+01
-4.890564e+01
-4.687918e+01
-5.433892e+01
-4.439275e+01
-4.426218e+01
-4.962481e+01
-5.839739e+01
-5.025882e+01
-4.465348e+01
-4.534165e+01
-4.692495e+01
-4.363376e+01
-4.519884e+01
-4.070321e+01
-4.350934e+01
-4.224193e+01
-4.105484e+01
-4.156415e+01
-4.933626e+01
-4.455749e+01
-5.047995e+01
-4.653186e+01
-4.890331e+01
-4.263481e+01
-3.835714e+01
-4.666601e+01
-4.392834e+01
-4.396046e+01
-5.387815e+01
-4.626447e+01
-4.122483e+01
-3.904258e+01
-4.147595e+01
-4.025258e+01
-5.117510e+01
-4.872620e+01
-4.011051e+01
-4.616392e+01
-4.264872e+01
-3.648335e+01
-3.816140e+01
-4.150263e+01
-4.810629e+01
-4.316808e+01
-4.148309e+01
-4.023655e+01
-4.712377e+01
-4.514395e+01
-4.229399e+01
-3.960423e+01
-4.475260e+01
-4.330358e+01
-4.043089e+01
-4.214889e+01
-3.877713e+01
-4.063947e+01
-4.187244e+01
-4.520036e+01
-4.538136e+01
-4.110938e+01
-4.784501e+01
-4.664672e+01
-4.145518e+01
-4.209955e+01
-3.952616e+01
-3.763063e+01
-4.434359e+01
-4.798330e+01
-4.093090e+01
-4.261723e+01
-4.329835e+01
-3.844226e+01
-3.860874e+01
-4.023065e+01
-4.772430e+01
-4.807947e+01
-4.082748e+01
-4.213217e+01
-5.155168e+01
-5.526031e+01
-4.642850e+01
-3.884861e+01
-3.695195e+01
-4.033402e+01
-4.551271e+01
-4.542566e+01
-4.225249e+01
-4.967864e+01
-5.572441e+01
-4.754810e+01
-4.436148e+01
-4.608073e+01
-4.275802e+01
-3.962844e+01
-4.333261e+01
-4.434058e+01
-4.378790e+01
-4.505169e+01
-4.209529e+01
-4.035942e+01
-4.256930e+01
-4.307182e+01
-4.005358e+01
-3.962211e+01
-4.491484e+01
-4.473870e+01
-4.089831e+01
-4.147890e+01
-3.761501e+01
-4.056406e+01
-4.289951e+01
-3.877766e+01
-4.095261e+01
-4.168191e+01
-4.247218e+01
-3.996363e+01
-3.655082e+01
-3.876486e+01
-4.126655e+01
-4.201306e+01
-3.718878e+01
-4.334429e+01
-4.324436e+01
-3.936397e+01
-5.036634e+01
-5.155737e+01
-4.163750e+01
-4.689808e+01
-4.480095e+01
-4.085192e+01
-4.343385e+01
-3.652012e+01
-3.778063e+01
-3.720222e+01
-4.117618e+01
-4.313606e+01
-3.968650e+01
-4.079266e+01
-4.570077e+01
-5.305950e+01
-4.460483e+01
-4.485677e+01
-4.397401e+01
-4.565304e+01
-4.564587e+01
-3.609267e+01
-3.817944e+01
-4.302063e+01
-5.194109e+01
-5.430267e+01
-4.745559e+01
-3.467839e+01
-3.819791e+01
-4.043445e+01
-3.896710e+01
-3.895219e+01
-3.615884e+01
-3.802123e+01
-4.499379e+01
-4.225070e+01
-3.783239e+01
-3.632237e+01
-3.755135e+01
-3.854103e+01
-3.958261e+01
-3.838425e+01
-3.969542e+01
-4.371276e+01
-4.535094e+01
-4.263826e+01
-4.472647e+01
-3.968513e+01
-4.206380e+01
-4.220318e+01
-4.206424e+01
-4.166762e+01
-4.164172e+01
-3.979787e+01
-4.135286e+01
-4.471173e+01
-3.966742e+01
-4.258434e+01
-4.083393e+01
-4.375269e+01
-3.822248e+01
-4.716607e+01
-4.902688e+01
-4.676905e+01
-3.907791e+01
-4.430689e+01
-4.253511e+01
-4.421465e+01
-4.449794e+01
-4.188600e+01
-4.031951e+01
-4.622549e+01
-4.701205e+01
-4.117919e+01
-4.704580e+01
-3.815622e+01
-4.106036e+01
-4.090577e+01
-4.031463e+01
-4.395576e+01
-3.917454e+01
-4.053932e+01
-3.843736e+01
-4.180642e+01
-4.499806e+01
-4.272173e+01
-4.312531e+01
-4.233451e+01
-4.693398e+01
-4.875248e+01
-4.479036e+01
-4.598018e+01
-3.822126e+01
-4.335059e+01
-4.638096e+01
-4.791792e+01
-4.479312e+01
-4.362790e+01
-4.404540e+01
-4.776260e+01
-4.868344e+01
-5.297792e+01
-4.798324e+01
-5.193800e+01
-4.345136e+01
-5.522364e+01
-4.988681e+01
-4.569754e+01
-4.772224e+01
-4.507758e+01
-4.216894e+01
-3.891243e+01
-4.420245e+01
-4.839614e+01
-5.188358e+01
-4.870963e+01
-4.850529e+01
-5.293660e+01
-5.748293e+01
-5.134073e+01
-5.581669e+01
-4.457781e+01
-4.793711e+01
-4.576880e+01
-5.593861e+01
-5.280814e+01
-4.918187e+01
-4.498723e+01
-4.424122e+01
-4.221532e+01
-4.919546e+01
-5.057483e+01
-4.619935e+01
-4.808020e+01
-5.342397e+01
-4.759046e+01
-4.753077e+01
-5.125811e+01
-5.131202e+01
-4.635923e+01
-4.631643e+01
-4.806128e+01
-5.092699e+01
-4.926356e+01
-4.552331e+01
-4.876931e+01
-5.680117e+01
-4.977020e+01
-5.082185e+01
-7.025194e+01
-5.177341e+01
-4.753400e+01
-4.756838e+01
-4.576984e+01
-4.994015e+01
-5.029510e+01
-4.746119e+01
-5.837944e+01
-5.084098e+01
-4.811334e+01
-6.629448e+01
-4.980453e+01
-5.355208e+01
-4.950763e+01
-5.187528e+01
-4.575753e+01
-5.206879e+01
-5.000737e+01
-4.787438e+01
-4.752723e+01
-5.551538e+01
-5.087310e+01
