8.140031e-01
7.904251e-01
5.334541e-01
1.662302e-01
1.626707e-02
1.273996e-03
3.717834e-03
5.714978e-03
6.277255e-03
5.919490e-03
6.352773e-03
8.764428e-03
1.278060e-02
1.496687e-02
1.420332e-02
1.183565e-02
7.263078e-03
3.749541e-03
5.936143e-03
7.964025e-03
8.925890e-03
8.618588e-03
8.077882e-03
8.997961e-03
8.502518e-03
5.104276e-03
1.925927e-03
3.213651e-03
5.758796e-03
6.382297e-03
5.264859e-03
5.746093e-03
4.576630e-03
4.146457e-03
6.153347e-03
7.332405e-03
6.113575e-03
5.785704e-03
6.156851e-03
5.638826e-03
3.265461e-03
1.737754e-03
2.227161e-03
1.763655e-03
1.360459e-03
1.188131e-03
3.032004e-03
7.602568e-03
1.089760e-02
1.158474e-02
1.041285e-02
7.551743e-03
4.748465e-03
4.419352e-03
5.511440e-03
6.351343e-03
5.642529e-03
4.373555e-03
4.653019e-03
6.005502e-03
6.257088e-03
5.820730e-03
4.575370e-03
2.170636e-03
9.279798e-04
2.019754e-03
2.495703e-03
3.069084e-03
3.691755e-03
3.382969e-03
2.712762e-03
2.465311e-03
2.049771e-03
1.495867e-03
1.433587e-03
8.916968e-04
3.519494e-04
7.107354e-04
7.900216e-04
6.673171e-04
1.006355e-03
8.376025e-04
4.947926e-04
6.667503e-04
6.696868e-04
6.980090e-04
7.904864e-04
1.192085e-03
1.507428e-03
1.394368e-03
1.448637e-03
1.344840e-03
7.408079e-04
5.629043e-04
7.758079e-04
1.230032e-03
9.714267e-04
6.860684e-04
6.188792e-04
4.208520e-04
1.898913e-04
2.927669e-04
3.842142e-04
2.997790e-04
2.545061e-04
8.472198e-04
1.408413e-03
1.868565e-03
1.860250e-03
1.339777e-03
9.318984e-04
1.181789e-03
1.771569e-03
2.193274e-03
2.011398e-03
1.419605e-03
5.055155e-04
5.311760e-04
7.126620e-04
9.069596e-04
1.420133e-03
1.841555e-03
2.112741e-03
1.919093e-03
1.589327e-03
1.495025e-03
1.331791e-03
1.146324e-03
9.833358e-04
6.673615e-04
6.326547e-04
8.852220e-04
1.252217e-03
1.236778e-03
8.267254e-04
3.952679e-04
6.581832e-04
1.295247e-03
1.594512e-03
1.427560e-03
7.980652e-04
7.313567e-04
9.431859e-04
1.225891e-03
1.179664e-03
6.227958e-04
2.542845e-04
1.766836e-04
1.898730e-04
3.496798e-04
4.873351e-04
4.853426e-04
3.709207e-04
3.293291e-04
3.687335e-04
5.669437e-04
7.080584e-04
3.954638e-04
1.625071e-04
5.952754e-04
9.988572e-04
1.292381e-03
1.259901e-03
1.057806e-03
1.090415e-03
9.582571e-04
6.045627e-04
2.918156e-04
5.153463e-04
9.190359e-04
1.143823e-03
1.175441e-03
8.334607e-04
5.589943e-04
6.562428e-04
6.652914e-04
4.990792e-04
5.217392e-04
7.802938e-04
6.751940e-04
4.376197e-04
4.373408e-04
7.445456e-04
7.539972e-04
6.192600e-04
4.563586e-04
5.174349e-04
4.990763e-04
1.351476e-04
2.256855e-04
6.395747e-04
1.007212e-03
9.740333e-04
8.355006e-04
4.583400e-04
5.052950e-05
4.437904e-04
5.724634e-04
4.208440e-04
2.158858e-04
1.800033e-04
5.350330e-04
8.488630e-04
1.038946e-03
8.814067e-04
6.153637e-04
6.086925e-04
5.873422e-04
5.554734e-04
5.359538e-04
3.552450e-04
1.670664e-04
3.714622e-04
5.547787e-04
8.417711e-04
1.064619e-03
1.040728e-03
9.174549e-04
7.561090e-04
4.468422e-04
2.777017e-04
3.869481e-04
4.737145e-04
4.494168e-04
3.579791e-04
3.567837e-04
3.918459e-04
2.845498e-04
9.486840e-06
4.654795e-04
8.635054e-04
8.049053e-04
5.099832e-04
2.615993e-04
2.197834e-04
4.494237e-04
5.430907e-04
5.874964e-04
6.954892e-04
7.895550e-04
7.770698e-04
7.022373e-04
6.520384e-04
6.303487e-04
4.182395e-04
1.940170e-04
1.650260e-04
2.337375e-04
3.693131e-04
4.899791e-04
5.512130e-04
5.432328e-04
4.759947e-04
3.827101e-04
4.298741e-04
5.081565e-04
4.744528e-04
3.967205e-04
4.258796e-04
6.229866e-04
8.318314e-04
9.371922e-04
9.425654e-04
9.128042e-04
8.197399e-04
6.792699e-04
5.612218e-04
4.758793e-04
4.004205e-04
2.667035e-04
8.555502e-05
1.483719e-04
2.326321e-04
2.543229e-04
2.224235e-04
2.154284e-04
1.817839e-04
2.808741e-04
5.049086e-04
6.051994e-04
4.753955e-04
3.007946e-04
3.624294e-04
4.594818e-04
5.668539e-04
6.462210e-04
5.452706e-04
2.788074e-04
4.885885e-05
9.510547e-05
9.610066e-05
1.460787e-04
2.332206e-04
1.605853e-04
7.767198e-05
6.048851e-05
3.113834e-04
4.963898e-04
4.988034e-04
4.868235e-04
5.238449e-04
4.648882e-04
4.225986e-04
3.808319e-04
2.734511e-04
2.009743e-04
9.231170e-05
1.221166e-04
1.975036e-04
5.519504e-04
1.501814e-03
2.239723e-03
2.287751e-03
2.347360e-03
1.976574e-03
1.133810e-03
7.837909e-04
6.980026e-04
4.274837e-04
1.014766e-04
2.775294e-04
5.555269e-04
6.046501e-04
4.771938e-04
4.383548e-04
4.813822e-04
4.771593e-04
4.805199e-04
4.958765e-04
3.834406e-04
2.935703e-04
3.508768e-04
5.629152e-04
7.518090e-04
7.481938e-04
6.030670e-04
3.641493e-04
1.896335e-04
2.101811e-04
2.410987e-04
3.163523e-04
3.750505e-04
2.745371e-04
1.755589e-04
1.399106e-04
1.814720e-04
1.774884e-04
1.570616e-04
1.670792e-04
1.434631e-04
1.092454e-04
6.091396e-05
6.036449e-05
1.267727e-04
2.669927e-04
4.422866e-04
5.859924e-04
6.486783e-04
5.611090e-04
4.108113e-04
3.378319e-04
2.856662e-04
2.556411e-04
2.401508e-04
1.821459e-04
1.851717e-04
3.486961e-04
4.750693e-04
5.107553e-04
4.710740e-04
3.846021e-04
4.328935e-04
5.502753e-04
5.926621e-04
5.440197e-04
3.804562e-04
2.214596e-04
1.469332e-04
1.024975e-04
3.266246e-05
1.281599e-04
2.372573e-04
2.811975e-04
3.668781e-04
3.840993e-04
3.186947e-04
2.795262e-04
1.944351e-04
1.137163e-04
1.976945e-04
2.688018e-04
2.670322e-04
2.750129e-04
3.314987e-04
3.636363e-04
4.363075e-04
4.553950e-04
3.960980e-04
4.151957e-04
5.038200e-04
5.540924e-04
